表 3  3 小时内药材的温度（°C）
时间/h	0 cm	0.5 cm	1 cm	1.5 cm	2 cm
0.5	32.1894	32.3822	32.9660	33.9608	35.4137
1.0	40.3818	40.5538	41.0609	41.8790	42.9985
1.5	45.8470	45.9351	46.1934	46.6056	47.1412
2.0	48.4504	48.4883	48.5987	48.7739	49.0038
2.5	49.4671	49.4793	49.5138	49.5655	49.6604
3.0	49.8496	49.8554	49.8747	49.9102	49.9664

表 4  3 小时内药材的水分浓度（kg/kg，干基）
时间/h	0 cm	0.5 cm	1 cm	1.5 cm	2 cm
0.5	2.5499	2.5487	2.5249	2.3267	1.6484
1.0	2.5249	2.4941	2.3577	2.0234	1.4704
1.5	2.3854	2.3252	2.1344	1.8020	1.3470
2.0	2.1707	2.1083	1.9236	1.6258	1.2307
2.5	1.9566	1.9006	1.7359	1.4718	1.1163
3.0	1.7662	1.7165	1.5701	1.3331	1.0078

中心含水率降至 0.15 kg/kg 的时刻 t = 202240 s = 56.2 h（烘干时长）
3 天终态：中心 T=50.1650 °C、C=0.1364 kg/kg；表面 C=0.0516 kg/kg
